%YAML:1.0
dictionary:
  nmarkers: 4
  markersize: 6
  maxCorrectionBits: 5
  marker_0: "011011100011101000100010101011111010"
  marker_1: "011011100110000100000101101101110001"
  marker_2: "011010101000100110101001111010001100"
  marker_3: "011010101001011100100010010011110101"
