%YAML:1.0
dictionary:
  nmarkers: 4
  markersize: 6
  maxCorrectionBits: 5
  marker_0: "001100000111110101010010010011111101"
  marker_1: "001111000010111100110100101100111100"
  marker_2: "010001011101111111000111010011100011"
  marker_3: "010010001101100001011011001001010111"
