%YAML:1.0
dictionary:
  nmarkers: 4
  markersize: 6
  maxCorrectionBits: 5
  marker_0: "000000110101100000101001111110000110"
  marker_1: "000001111100010000001001010111111100"
  marker_2: "000011111110001001100110000101111011"
  marker_3: "000101000100100000110110010001000001"
