%YAML:1.0
dictionary:
  nmarkers: 4
  markersize: 6
  maxCorrectionBits: 5
  marker_0: "000011101110100010111000011000001010"
  marker_1: "000010110110110001110110101110011011"
  marker_2: "000011111101110010111001100011001011"
  marker_3: "000011111100101011001111001110100000"
