%YAML:1.0
dictionary:
  nmarkers: 4
  markersize: 6
  maxCorrectionBits: 5
  marker_0: "011100010000010101011000111111000110"
  marker_1: "100001101101110011111010110100000111"
  marker_2: "100011010111001010101001001111110110"
  marker_3: "101000101011100010011101110011011110"
