%YAML:1.0
dictionary:
  nmarkers: 4
  markersize: 6
  maxCorrectionBits: 5
  marker_0: "011100001010110110010110101001001111"
  marker_1: "011101011000010001101111011100011010"
  marker_2: "011110101001010100011001001011111100"
  marker_3: "100001100000100101110110000010101010"
