%YAML:1.0
dictionary:
  nmarkers: 4
  markersize: 6
  maxCorrectionBits: 5
  marker_0: "111011111100011010000101100011101001"
  marker_1: "111101110111111011110011011101110010"
  marker_2: "001011001110010000111111001001010100"
  marker_3: "001010111101110011111111010010110011"
