%YAML:1.0
dictionary:
  nmarkers: 4
  markersize: 6
  maxCorrectionBits: 5
  marker_0: "010001001100100110110111101100111111"
  marker_1: "010000001100011111010100000111101001"
  marker_2: "010001101101001010110100110011001110"
  marker_3: "010000110001100101010011010101101011"
