%YAML:1.0
dictionary:
  nmarkers: 4
  markersize: 6
  maxCorrectionBits: 5
  marker_0: "011110001011001011011000011100000111"
  marker_1: "011110011100010110000101011110010100"
  marker_2: "100001100110111101011001111111000110"
  marker_3: "100000101111011001110010011111110101"
