%YAML:1.0
dictionary:
  nmarkers: 4
  markersize: 6
  maxCorrectionBits: 5
  marker_0: "011000000011001110111011001001000111"
  marker_1: "011001000101100000011010111111100001"
  marker_2: "011000111100100011011101101001110110"
  marker_3: "011000011101101000111101100011111101"
