%YAML:1.0
dictionary:
  nmarkers: 4
  markersize: 6
  maxCorrectionBits: 5
  marker_0: "110100000000100100001111110011110001"
  marker_1: "110100000110110000111010110101010100"
  marker_2: "110100111111000100100000010101110100"
  marker_3: "111001101110001100111011000110100111"
