%YAML:1.0
dictionary:
  nmarkers: 4
  markersize: 6
  maxCorrectionBits: 5
  marker_0: "000001010100000111010111001011010110"
  marker_1: "000011001111011100100100011010100010"
  marker_2: "000100110011100010100011100111101011"
  marker_3: "000101011010100010010011111001110100"
