%YAML:1.0
dictionary:
  nmarkers: 4
  markersize: 6
  maxCorrectionBits: 5
  marker_0: "000010011111110100011110100111000100"
  marker_1: "000101010100110110111101000110001111"
  marker_2: "001100000000101000110001000011100010"
  marker_3: "010010000000011111101111101011111101"
