%YAML:1.0
dictionary:
  nmarkers: 4
  markersize: 6
  maxCorrectionBits: 5
  marker_0: "000000010100000010110000000000000111"
  marker_1: "000000011001110110011100111011100001"
  marker_2: "000010000001000001010111111000111011"
  marker_3: "000010000110101110010111101101100110"
