%YAML:1.0
dictionary:
  nmarkers: 4
  markersize: 6
  maxCorrectionBits: 5
  marker_0: "001110100100000101111110111010011110"
  marker_1: "010011110001000111100010011011000000"
  marker_2: "010100110000110110110110110100100000"
  marker_3: "010110001001101111111010111000110100"
