%YAML:1.0
dictionary:
  nmarkers: 4
  markersize: 6
  maxCorrectionBits: 5
  marker_0: "010010001101000110010001010010100001"
  marker_1: "010101001111010010011001111101101101"
  marker_2: "010101110101101010011100100000010011"
  marker_3: "010101011000001101010101101100101100"
