%YAML:1.0
dictionary:
  nmarkers: 4
  markersize: 6
  maxCorrectionBits: 5
  marker_0: "110000000100010010000111011101100101"
  marker_1: "110001001100001100100100001001011001"
  marker_2: "110001011010100100011011110110001101"
  marker_3: "110011100111001111100110101100101100"
