%YAML:1.0
dictionary:
  nmarkers: 4
  markersize: 6
  maxCorrectionBits: 5
  marker_0: "010000010010001011100110110111011001"
  marker_1: "010001110101001110100101100110101011"
  marker_2: "010011100001111011110001111000001000"
  marker_3: "010011100100101011000000100101100000"
