%YAML:1.0
dictionary:
  nmarkers: 4
  markersize: 6
  maxCorrectionBits: 5
  marker_0: "110000001101000101100010010110101011"
  marker_1: "000100111100111001111011101011100111"
  marker_2: "010011101000000111111101011000010111"
  marker_3: "010101101110000001110110001100100000"
