%YAML:1.0
dictionary:
  nmarkers: 4
  markersize: 6
  maxCorrectionBits: 5
  marker_0: "011010110001001011000011100000000001"
  marker_1: "011010110110100001001011001000101010"
  marker_2: "011011111001010011000001010101111001"
  marker_3: "011011011010011011111110101000001101"
