%YAML:1.0
dictionary:
  nmarkers: 4
  markersize: 6
  maxCorrectionBits: 5
  marker_0: "000110010110011001000010010001110111"
  marker_1: "000110010101011111010100110010000100"
  marker_2: "000111111010100011110100111100000100"
  marker_3: "000110111000001001000110111011011000"
