%YAML:1.0
dictionary:
  nmarkers: 4
  markersize: 6
  maxCorrectionBits: 5
  marker_0: "001110011010101100100111010010010111"
  marker_1: "010001100000001001001110001001011110"
  marker_2: "010001101000001010111010000010111100"
  marker_3: "010000101110100111001101010110101110"
