%YAML:1.0
dictionary:
  nmarkers: 4
  markersize: 6
  maxCorrectionBits: 5
  marker_0: "000110101110100010000110000100010010"
  marker_1: "000110010001001110101110000010100001"
  marker_2: "000110110110011110110101101000010111"
  marker_3: "001001011101110010010101111100001011"
