%YAML:1.0
dictionary:
  nmarkers: 4
  markersize: 6
  maxCorrectionBits: 5
  marker_0: "110001100111001011110111001011000001"
  marker_1: "110000011110011101001101101110101011"
  marker_2: "110010110101010111101110010110011101"
  marker_3: "110010111010000001010011011100100100"
