%YAML:1.0
dictionary:
  nmarkers: 4
  markersize: 6
  maxCorrectionBits: 5
  marker_0: "000101000010010010011111110110011000"
  marker_1: "000101000000011100100000000111111101"
  marker_2: "000101010000100100010000110101010111"
  marker_3: "000100110101110011010111001100000111"
