%YAML:1.0
dictionary:
  nmarkers: 4
  markersize: 6
  maxCorrectionBits: 5
  marker_0: "110101101011101101100101100001100100"
  marker_1: "111011001101001100010011101000110001"
  marker_2: "111101010010000111110101001000000111"
  marker_3: "111110010001111110100101110111110111"
