%YAML:1.0
dictionary:
  nmarkers: 4
  markersize: 6
  maxCorrectionBits: 5
  marker_0: "001010001000100101100001111101110110"
  marker_1: "001100110101010000010100011010101010"
  marker_2: "001100011100000101101100000111110111"
  marker_3: "001100111100101100011000110001100110"
