%YAML:1.0
dictionary:
  nmarkers: 4
  markersize: 6
  maxCorrectionBits: 5
  marker_0: "000100001010110101011111111110110111"
  marker_1: "000100101000001010010101010100111111"
  marker_2: "000101101110000100110001100001001100"
  marker_3: "000110000111101001001001011010110000"
