%YAML:1.0
dictionary:
  nmarkers: 4
  markersize: 6
  maxCorrectionBits: 5
  marker_0: "101101100100101011011000000011010100"
  marker_1: "101101010011011100110001010010110100"
  marker_2: "101111101010101011000111111000111011"
  marker_3: "101110110110100000111101101111001111"
