%YAML:1.0
dictionary:
  nmarkers: 4
  markersize: 6
  maxCorrectionBits: 5
  marker_0: "000110111010111011100001000011111110"
  marker_1: "001000101010010010110110001111001010"
  marker_2: "001000101011111110010000000100101111"
  marker_3: "001000110010110000010101101101000000"
