%YAML:1.0
dictionary:
  nmarkers: 4
  markersize: 6
  maxCorrectionBits: 5
  marker_0: "110101100000011111010110111000010101"
  marker_1: "110110001110100011100000111001101000"
  marker_2: "010000100110100010110100000111110101"
  marker_3: "100010001010010100001111001010011010"
