%YAML:1.0
dictionary:
  nmarkers: 4
  markersize: 6
  maxCorrectionBits: 5
  marker_0: "000100010100011110011010101110110110"
  marker_1: "000111001011100110101001001000111000"
  marker_2: "000111001101110100000111011101100110"
  marker_3: "000111110010111001111100001001001011"
