%YAML:1.0
dictionary:
  nmarkers: 4
  markersize: 6
  maxCorrectionBits: 5
  marker_0: "111101100011101100100111110110001000"
  marker_1: "111100110000011110011000001101111001"
  marker_2: "111111100100101110111010100110111001"
  marker_3: "101010111010010101111101100001101011"
