%YAML:1.0
dictionary:
  nmarkers: 4
  markersize: 6
  maxCorrectionBits: 5
  marker_0: "001011000100001001111110000011100000"
  marker_1: "001010101011100101111100101111010000"
  marker_2: "001010010100011011100001110100100011"
  marker_3: "001011011010011000101000010000010000"
