%YAML:1.0
dictionary:
  nmarkers: 4
  markersize: 6
  maxCorrectionBits: 5
  marker_0: "010101011111010110100111101011111010"
  marker_1: "010101011101010111101010011001001111"
  marker_2: "010110000001101110101011000111011010"
  marker_3: "010111101011111010010010011011011101"
