%YAML:1.0
dictionary:
  nmarkers: 4
  markersize: 6
  maxCorrectionBits: 5
  marker_0: "010101111011011101110110000100001111"
  marker_1: "010111000011010000110110111111100100"
  marker_2: "010111000100100011111100011101111110"
  marker_3: "010111100110111011101111010000000010"
