%YAML:1.0
dictionary:
  nmarkers: 4
  markersize: 6
  maxCorrectionBits: 5
  marker_0: "000001100111101011100100110000011101"
  marker_1: "000000001010101010010110100010100011"
  marker_2: "000001001101000100111000111010010100"
  marker_3: "000001010001000010101000000011011010"
