%YAML:1.0
dictionary:
  nmarkers: 4
  markersize: 6
  maxCorrectionBits: 5
  marker_0: "111000110101001100111110101001001010"
  marker_1: "111010000000011010001110101100010100"
  marker_2: "111011000000011111000000010110010111"
  marker_3: "111010101111001110000000001111011010"
