%YAML:1.0
dictionary:
  nmarkers: 4
  markersize: 6
  maxCorrectionBits: 5
  marker_0: "011010100111000010001010010101000000"
  marker_1: "011100101010100010011000101000011000"
  marker_2: "100000010101110101000010111110000000"
  marker_3: "110011110100110011000011110101011111"
