%YAML:1.0
dictionary:
  nmarkers: 4
  markersize: 6
  maxCorrectionBits: 5
  marker_0: "101000100001111000010010111000111000"
  marker_1: "101011100111000000011100100000101100"
  marker_2: "101011010000000100100001100111000001"
  marker_3: "101100000011010100011111100111101110"
