%YAML:1.0
dictionary:
  nmarkers: 4
  markersize: 6
  maxCorrectionBits: 5
  marker_0: "001101111001000111110111011011110001"
  marker_1: "001110100010001010001110000101110101"
  marker_2: "001111100001001110111101010000001000"
  marker_3: "001111001001100001000011110010100010"
