%YAML:1.0
dictionary:
  nmarkers: 4
  markersize: 6
  maxCorrectionBits: 5
  marker_0: "101001010010100111100000011110111000"
  marker_1: "101101011001001110111000010101011111"
  marker_2: "101101111111100011100100001001101111"
  marker_3: "101111000010000001010010001001011110"
