%YAML:1.0
dictionary:
  nmarkers: 4
  markersize: 6
  maxCorrectionBits: 5
  marker_0: "010101101101111100010001110110110110"
  marker_1: "011001101000100000110010011101001100"
  marker_2: "011101101110100011001011011110000001"
  marker_3: "100110100101001111011001110011110011"
