%YAML:1.0
dictionary:
  nmarkers: 4
  markersize: 6
  maxCorrectionBits: 5
  marker_0: "001010111111101100100000100110100110"
  marker_1: "001101101000110011010110011010111100"
  marker_2: "001101001000011101110111011111000111"
  marker_3: "001101001101110111101011100001000000"
