%YAML:1.0
dictionary:
  nmarkers: 4
  markersize: 6
  maxCorrectionBits: 5
  marker_0: "111010100010111111001010100001001000"
  marker_1: "111010010110001110110111011110110001"
  marker_2: "111110100011011001100101001010101111"
  marker_3: "000001100101101111111111011110111101"
