%YAML:1.0
dictionary:
  nmarkers: 4
  markersize: 6
  maxCorrectionBits: 5
  marker_0: "011010101001110000100100010110101110"
  marker_1: "011010011100010111110011000001000010"
  marker_2: "011010011101001001001000010011101010"
  marker_3: "011101000111100111100010110111100110"
