%YAML:1.0
dictionary:
  nmarkers: 4
  markersize: 6
  maxCorrectionBits: 5
  marker_0: "100010100010110101000100110000111111"
  marker_1: "100100111110101101111000101100010100"
  marker_2: "100110001000110110101000010011010100"
  marker_3: "100111101101111000101011001111001000"
