%YAML:1.0
dictionary:
  nmarkers: 4
  markersize: 6
  maxCorrectionBits: 5
  marker_0: "001001010101101010101001011001101100"
  marker_1: "001001111010010110101111101010010111"
  marker_2: "001001011111010000001110010000100101"
  marker_3: "001010000110011001010101110011011110"
