%YAML:1.0
dictionary:
  nmarkers: 4
  markersize: 6
  maxCorrectionBits: 5
  marker_0: "011100101100111100100011111010101011"
  marker_1: "011101111011000111011100010000010100"
  marker_2: "011111100000110000000111001000010111"
  marker_3: "011110100110100101110000011001000111"
