%YAML:1.0
dictionary:
  nmarkers: 4
  markersize: 6
  maxCorrectionBits: 5
  marker_0: "000111100011110111011000001010100110"
  marker_1: "000011101111101110100011100010010001"
  marker_2: "000101011001000001111110101011001101"
  marker_3: "110010010001101100110000011010011110"
