%YAML:1.0
dictionary:
  nmarkers: 4
  markersize: 6
  maxCorrectionBits: 5
  marker_0: "001111101100111111100100100100001111"
  marker_1: "010001100100010100011000101000111111"
  marker_2: "010001001011101001110000101101100111"
  marker_3: "010000011001110001100010001111101000"
