%YAML:1.0
dictionary:
  nmarkers: 4
  markersize: 6
  maxCorrectionBits: 5
  marker_0: "000000000010010011110100011110100111"
  marker_1: "000000000000100001001101100010000010"
  marker_2: "000001000011110011000010111100101001"
  marker_3: "000001000111101101010000001000010001"
