%YAML:1.0
dictionary:
  nmarkers: 4
  markersize: 6
  maxCorrectionBits: 5
  marker_0: "010111110001000011111001100110110101"
  marker_1: "010111010001111011011111101001011100"
  marker_2: "010111110111000110001101111100000010"
  marker_3: "010111011110000100011110010001101000"
