%YAML:1.0
dictionary:
  nmarkers: 4
  markersize: 6
  maxCorrectionBits: 5
  marker_0: "010111110010001100111011011011111111"
  marker_1: "010110110111010000101010011000110010"
  marker_2: "011001010000111110100011001110101110"
  marker_3: "011001011101001100010111010111001100"
