%YAML:1.0
dictionary:
  nmarkers: 4
  markersize: 6
  maxCorrectionBits: 5
  marker_0: "110011010000110010100110001001110010"
  marker_1: "110010010100001101011101010001001101"
  marker_2: "110011111011111010000000111100110100"
  marker_3: "111001010111110100010101100001110111"
