%YAML:1.0
dictionary:
  nmarkers: 4
  markersize: 6
  maxCorrectionBits: 5
  marker_0: "100001010100111000101111010000010100"
  marker_1: "100110100001000110000101100100110100"
  marker_2: "100111000111000101100000110010010111"
  marker_3: "100111011101000110010100111111011000"
