%YAML:1.0
dictionary:
  nmarkers: 4
  markersize: 6
  maxCorrectionBits: 5
  marker_0: "011001000000100111101000101000001011"
  marker_1: "011000000101001101111010100010010001"
  marker_2: "011000010101100100000110100110111010"
  marker_3: "011010111111111101111000110101111011"
