%YAML:1.0
dictionary:
  nmarkers: 4
  markersize: 6
  maxCorrectionBits: 5
  marker_0: "001110010101100010011101000101111001"
  marker_1: "001110010111010011011010111011101011"
  marker_2: "001111110110110110111100011100110001"
  marker_3: "001111010110101111000000010100001100"
