%YAML:1.0
dictionary:
  nmarkers: 4
  markersize: 6
  maxCorrectionBits: 5
  marker_0: "010010111010011101100001111010000001"
  marker_1: "010010011101010010000011110110001110"
  marker_2: "010101100010100100001110111101101100"
  marker_3: "010100110111111011010101111111111100"
