%YAML:1.0
dictionary:
  nmarkers: 4
  markersize: 6
  maxCorrectionBits: 5
  marker_0: "101010011100101110000100000000100100"
  marker_1: "110001100111010101001001010010010000"
  marker_2: "110000011101001010001000100101000001"
  marker_3: "111001110100100000001000010100101011"
