%YAML:1.0
dictionary:
  nmarkers: 4
  markersize: 6
  maxCorrectionBits: 5
  marker_0: "010011100101111110101010000001101111"
  marker_1: "010010101000110100110010100101000011"
  marker_2: "010010010001010110010100101100111001"
  marker_3: "010011010100110111011011011000100001"
