%YAML:1.0
dictionary:
  nmarkers: 4
  markersize: 6
  maxCorrectionBits: 5
  marker_0: "001101111100011111011101101111011010"
  marker_1: "101000011010001001010100111000001111"
  marker_2: "101010011000001011000001101110110101"
  marker_3: "110110000001101101001001101100001000"
